14314003756
14314305649
14314412513
14314475157
14315008087
14318310513
14386095364
14387002744
14387030123
14387035998
14387938521
14389004844
14389006147
14389010640
14389011584
14389019252
14507006965
14509773352
14509774539
15062411152
15063050457
15064062219
15067177414
15067178726
15798025947
15818078992
15877139920
15878092882
15878168749
15878186726
16042108513
16042297693
16136041761
16139026427
16398029165
16472503729
16473757837
16475769141
16722071962
16722075844
16722077059
17059108836
17784002330
17822089612
17822970272
17824010277
17824014993
17826080731
18252559188
18254137417
18254629838
18734575579
18734576225
447304190969
447304192782
447349443943
447351087949
447351235820
447386593652
447393981766
447415236990
447777347268
447781518307
447787609874
447824762863
447900754122
447919409539
447930052767
12193333515
12269097420
12298000812
447946801927
12298003410
12368010613
12492097324
12492098278
12494211838
12494965655
12495044968
12495591092
12497022843
12498027010
13065176403
13135143005
13433083680
13435131117
13435131336
13656590830
13659777903
14245442447
